[gd_scene load_steps=11 format=3 uid="uid://cb7t54tfdtvlf"]

[ext_resource type="Script" path="res://src/level/ball.gd" id="1_stmuw"]
[ext_resource type="Environment" uid="uid://dx8tuoyyscet0" path="res://assets/resource/world_env.tres" id="2_vnuya"]
[ext_resource type="Script" path="res://src/level/SpringArm3D.gd" id="3_8qe4u"]
[ext_resource type="Texture2D" uid="uid://dwnahnxcyvpjh" path="res://icon.svg" id="3_fg6g4"]
[ext_resource type="PackedScene" uid="uid://buwwdiwn641do" path="res://assets/blender_fixed/map_1.tscn" id="5_p410r"]

[sub_resource type="SphereShape3D" id="SphereShape3D_3acl6"]

[sub_resource type="SphereMesh" id="SphereMesh_tjsw3"]

[sub_resource type="Animation" id="Animation_in82s"]
resource_name = "platform"

[sub_resource type="AnimationLibrary" id="AnimationLibrary_1lbo2"]
_data = {
"platform": SubResource("Animation_in82s")
}

[sub_resource type="BoxShape3D" id="BoxShape3D_gtbd8"]
size = Vector3(4, 4, 4)

[node name="level_1" type="Node3D"]

[node name="DirectionalLight3D" type="DirectionalLight3D" parent="."]
transform = Transform3D(0.155223, 0.783796, 0.601306, -0.856429, -0.196611, 0.477361, 0.492378, -0.589073, 0.640747, -20.9969, 20.0892, 1.03486)
directional_shadow_mode = 0

[node name="player" type="Node3D" parent="."]
transform = Transform3D(1, 0, 0, 0, 1, 0, 0, 0, 1, 0, 12, 0.184542)

[node name="CharacterBody3D" type="RigidBody3D" parent="player"]
transform = Transform3D(1, 0, 0, 0, 1, 0, 0, 0, 1, 3.02759, 17.0125, -3.08056)
script = ExtResource("1_stmuw")

[node name="CollisionShape3D" type="CollisionShape3D" parent="player/CharacterBody3D"]
shape = SubResource("SphereShape3D_3acl6")

[node name="MeshInstance3D" type="MeshInstance3D" parent="player/CharacterBody3D"]
mesh = SubResource("SphereMesh_tjsw3")
skeleton = NodePath("../../..")

[node name="Decal" type="Decal" parent="player/CharacterBody3D"]
size = Vector3(2, 0.569819, 2)
texture_albedo = ExtResource("3_fg6g4")

[node name="spring" type="Node3D" parent="player" node_paths=PackedStringArray("target_node")]
transform = Transform3D(1, 0, 0, 0, 0.284819, 0.958582, 0, -0.958582, 0.284819, 0, 3.01739, 0)
script = ExtResource("3_8qe4u")
target_node = NodePath("../CharacterBody3D")

[node name="Camera3D" type="Camera3D" parent="player/spring"]
transform = Transform3D(1, 0, 0, 0, 0.707107, -0.707107, 0, 0.707107, 0.707107, 0, -10, 10)
environment = ExtResource("2_vnuya")
projection = 1
current = true
size = 10.0

[node name="arena" type="Node3D" parent="."]
transform = Transform3D(0.707107, 0, 0.707107, 0, 1, 0, -0.707107, 0, 0.707107, 0, 10, 0)

[node name="AnimationPlayer" type="AnimationPlayer" parent="arena"]
libraries = {
"": SubResource("AnimationLibrary_1lbo2")
}

[node name="map_1" parent="arena" instance=ExtResource("5_p410r")]

[node name="Area3D" type="Area3D" parent="."]
transform = Transform3D(1, 0, 0, 0, 1, 0, 0, 0, 1, -29.1408, 11.9118, 0)

[node name="CollisionShape3D" type="CollisionShape3D" parent="Area3D"]
transform = Transform3D(1, 0, 0, 0, 1, 0, 0, 0, 1, 57.4664, 3, 0)
shape = SubResource("BoxShape3D_gtbd8")
